number of nodes = 28, graph = [(18, 20), (18, 3), (18, 12), (20, 0), (20, 6), (15, 27), (15, 23), (15, 22), (27, 19), (27, 7), (12, 19), (12, 1), (19, 4), (0, 5), (0, 11), (5, 4), (5, 6), (17, 21), (17, 13), (17, 3), (21, 3), (21, 16), (2, 11), (2, 14), (2, 26), (11, 7), (14, 23), (14, 26), (1, 24), (1, 10), (13, 9), (13, 10), (10, 24), (24, 26), (6, 8), (8, 23), (8, 25), (16, 25), (16, 9), (25, 7), (4, 22), (9, 22)], number of qubits = 27, optimal cost = 21.568126197060494, optimal nodes sets = [(4, 6, 9, 10, 11, 12, 17, 18, 21, 23, 25, 26, 27), (0, 1, 2, 3, 5, 7, 8, 13, 14, 15, 16, 19, 20, 22, 24)], degeneracy of optimal sets = 1, worse cost = -0.0, worse nodes sets = [(0, 1, 2, 3, 4, 5, 6, 7, 8, 9, 10, 11, 12, 13, 14, 15, 16, 17, 18, 19, 20, 21, 22, 23, 24, 25, 26, 27), ()], degeneracy of worse sets = 1, ground energy = -21.568126197060494, ground state = 111101011000011110011010100, degeneracy of optimal solutions = 1, first excited energy = -20.692120198208496, gap = 0.8760059988519977, first excited state = 010101001001011110011010100, degeneracy of first excited solutions = 1, maximum energy = 0.0, maximum solution = 000000000000000000000000000, degeneracy of worse solutions = 1, sdp upper bound of optimal cost = 21.572987738483526, sdp lower bound ground energy = -21.572987738483526, sdp lower bound of worst cost = 0, sdp upper bound of maximum energy = 0, approximation ratio larger than 95 = ["111101011000011110011000100", "011101011000011010011010100", "111101011000011010011010100", "111101011000010110011010100", "111100011000011110011010100", "110101011000011110011010100", "101101011000011110011010100", "011101011000011110011010100", "111101011000011110011010100", "010101001001011110011010100", "010101011001011110011010100", "111101011000010110011010001"]
-10.979751949124973
0.329200343634237 18 20
0.39243384769710277 18 3
0.007853260477511892 18 12
0.054574584028529216 20 0
0.4162318046157641 20 6
0.21065485726363525 15
0.057684670303770225 15 23
0.02983882734835791 15 22
0.4277111610606859 19
0.09959024404027883 7
0.4243955059480534 12 19
0.3096473185392623 12 1
0.30913321221943457 19 4
0.06298373949317393 0 5
0.27374930685150817 0 11
0.12806970199582018 5 4
0.45541163339162843 5 6
0.004552009008962132 17 21
0.4231495897885254 17 13
0.22883892050189597 17 3
0.19652520873149054 21 3
0.4558341157026677 21 16
0.3611850949537434 2 11
0.02766646251007837 2 14
0.19419754265124917 2 26
0.4673679748787624 11 7
0.08028340062811595 14 23
0.39822552467293515 14 26
0.008219967728113897 1 24
0.20396422462524416 1 10
0.28186864514276566 13 9
0.4953946058928348 13 10
0.28436207430085436 10 24
0.37317670560675914 24 26
0.44099512117843936 6 8
0.4857360693779088 8 23
0.21410961530294143 8 25
0.4125277605561939 16 25
0.180156694702085 16 9
0.2894399987662501 25 7
0.13247803440870104 4 22
0.35033256859870393 9 22
